100 4950
81 79
43 25
32 91
2 82
41 33
83 42
14 42
63 21
91 55
96 53
70 97
75 73
14 36
57 25
16 45
54 85
78 77
87 60
12 64
99 81
40 38
13 83
76 18
19 87
10 56
5 2
89 77
63 77
91 15
70 92
4 51
62 13
48 31
21 12
64 77
12 56
85 31
10 41
86 16
56 61
40 16
11 41
76 44
81 85
22 31
81 18
90 13
60 46
84 90
70 22
60 63
40 43
38 16
87 22
24 78
20 98
78 51
70 9
89 22
5 37
95 13
100 52
98 19
65 89
19 63
99 13
21 82
21 30
54 1
9 13
100 83
24 66
84 80
40 4
47 38
2 6
38 54
40 9
41 74
66 43
78 6
77 3
74 73
11 70
59 97
94 50
95 25
19 32
9 98
82 43
66 32
43 67
87 35
63 36
62 89
45 75
8 61
92 77
67 22
69 80
61 71
89 1
98 37
5 58
6 21
70 29
37 91
44 64
53 89
87 95
50 6
64 99
87 20
75 16
25 55
21 2
85 17
19 18
31 37
29 35
18 40
9 58
3 18
31 13
53 45
10 69
56 82
58 49
8 86
11 45
89 56
27 92
2 52
10 49
23 80
78 64
84 70
36 100
93 2
40 76
87 71
22 36
37 86
16 98
7 3
5 94
95 80
21 4
45 66
70 79
76 53
52 18
53 57
44 28
54 82
46 37
52 20
80 51
46 62
30 28
43 13
4 58
80 34
70 47
35 27
82 37
67 45
37 76
22 57
15 74
91 38
60 94
33 75
30 91
91 1
93 98
38 71
99 94
32 60
64 24
67 80
42 2
49 39
52 83
96 18
20 92
45 100
28 81
40 32
47 91
32 39
84 13
25 89
13 73
9 47
3 68
96 91
61 44
9 55
48 88
94 55
58 65
23 38
22 68
50 51
2 68
75 4
14 61
88 39
24 57
12 90
48 15
43 32
75 29
25 26
56 68
57 60
7 33
85 86
53 48
40 13
33 24
83 31
59 44
48 60
67 95
87 29
40 63
67 79
4 81
97 42
42 72
88 93
76 41
58 27
77 34
46 66
52 70
22 18
41 34
71 96
31 71
35 64
90 85
22 21
92 9
28 92
42 50
99 59
21 75
4 79
23 99
5 87
41 59
53 71
81 60
61 98
39 56
19 53
56 53
94 1
81 52
55 23
15 70
53 13
2 31
28 16
31 35
71 62
29 76
51 7
67 48
29 92
52 93
45 82
5 10
52 98
58 70
66 7
89 70
77 96
15 29
13 96
87 82
25 32
70 64
70 34
38 85
14 85
55 16
14 17
54 25
19 28
24 60
20 13
54 28
16 80
79 53
32 26
23 50
76 63
25 60
68 77
62 3
5 56
40 6
36 29
39 46
63 7
6 28
35 53
43 94
78 34
47 3
5 20
80 37
59 82
98 25
61 76
14 50
51 79
59 30
57 51
77 65
82 90
62 85
26 34
59 51
56 14
90 15
11 97
32 37
17 66
65 23
98 46
93 86
27 68
40 99
17 76
52 90
86 50
64 65
9 38
43 4
96 93
53 84
4 55
17 89
73 6
8 81
24 65
13 22
77 79
46 33
55 3
1 7
73 50
48 40
12 53
70 28
84 26
32 34
59 22
54 76
31 68
69 68
51 6
84 69
14 84
80 57
76 15
36 89
29 18
58 26
36 28
2 35
98 71
41 8
72 57
97 35
34 8
64 16
20 97
15 21
12 85
39 74
8 69
83 7
21 83
100 23
66 57
17 65
58 67
88 69
47 75
31 39
49 85
40 24
23 46
95 15
28 52
72 16
14 54
81 62
37 13
60 58
34 98
17 61
63 10
47 27
1 24
9 33
57 46
38 72
42 39
54 7
28 95
67 15
33 15
26 37
12 62
24 20
47 8
67 35
27 19
2 85
91 51
75 79
33 58
90 66
88 20
83 2
43 19
11 34
25 94
49 27
6 12
31 14
97 39
26 65
31 11
44 10
88 22
45 25
75 44
34 64
39 61
56 66
59 63
10 58
78 73
70 25
91 4
56 69
50 21
40 23
48 84
45 4
58 13
21 99
67 4
70 48
36 19
47 14
17 34
73 32
63 52
55 10
82 15
30 24
61 26
47 32
41 57
57 56
79 23
95 26
63 50
54 70
40 25
93 68
83 87
100 38
34 10
82 52
65 50
56 8
35 78
89 39
94 30
40 29
35 8
77 67
88 9
23 31
93 43
6 94
68 85
45 1
24 38
37 44
97 65
66 33
100 22
30 68
19 50
64 90
15 97
71 65
30 18
15 30
18 78
64 86
42 23
74 20
71 93
46 91
94 56
60 8
87 91
12 66
54 71
53 27
83 68
60 83
43 86
56 23
100 92
91 80
53 73
9 28
69 34
7 5
52 22
82 55
86 15
39 24
94 41
93 94
35 39
55 93
7 81
65 42
75 32
50 15
27 52
4 19
76 50
90 1
85 11
37 17
9 95
74 95
2 33
19 39
27 8
64 52
72 32
10 96
45 12
39 57
24 9
68 55
22 79
91 33
94 96
90 100
77 95
2 23
87 70
17 96
51 64
33 65
8 88
33 69
48 85
89 29
9 86
18 54
45 99
67 20
45 70
71 19
30 57
96 16
2 78
66 29
43 42
18 90
42 49
89 4
58 66
89 84
24 55
48 91
26 73
65 38
28 83
82 75
21 52
54 80
54 31
56 47
68 34
28 45
24 97
48 95
6 84
98 63
34 1
31 4
21 43
92 37
96 61
11 55
2 34
86 99
17 47
57 36
10 7
22 84
60 38
40 56
76 81
32 48
80 56
84 64
89 40
92 32
43 73
23 26
64 33
41 47
50 4
53 32
59 42
75 31
29 58
83 93
31 46
12 73
98 72
76 68
59 75
81 82
73 48
17 68
12 50
6 58
83 76
74 58
78 27
18 43
36 93
86 57
42 53
1 52
100 72
76 99
46 18
8 73
69 37
52 30
31 43
78 29
67 47
86 7
7 74
83 8
2 75
18 20
9 94
72 5
62 55
26 88
2 11
4 9
43 90
99 58
89 76
13 81
99 53
47 21
3 19
33 71
65 5
43 65
19 35
84 75
40 61
91 66
68 21
69 100
55 66
65 80
40 67
70 67
56 35
85 19
10 3
95 49
39 43
9 30
83 41
5 96
78 100
9 77
8 55
25 22
9 37
99 71
40 90
94 48
71 73
50 20
19 81
96 38
12 93
19 54
97 76
90 47
54 27
18 83
95 81
92 73
92 56
94 89
59 58
5 22
44 92
83 19
54 100
18 49
10 47
62 26
44 15
59 60
96 63
25 38
97 22
41 91
97 64
53 54
68 100
54 45
45 79
87 8
74 62
81 58
89 82
9 7
89 95
4 80
64 53
45 50
12 38
98 44
34 49
37 39
15 16
72 64
1 86
2 86
50 61
90 50
80 96
67 44
56 95
98 95
60 99
45 15
23 64
1 70
55 43
30 81
43 16
90 31
40 79
40 84
19 91
65 81
74 13
74 98
47 26
29 80
51 20
85 99
46 92
24 28
39 5
17 21
34 39
50 89
92 30
93 56
97 47
11 18
92 68
97 94
76 47
98 13
87 23
53 65
41 75
19 8
79 89
14 18
72 46
4 3
70 10
2 55
46 45
19 38
98 1
77 90
40 8
20 17
73 42
63 6
20 83
96 30
39 87
38 64
54 95
32 51
6 76
87 64
56 21
40 64
50 22
98 58
5 95
52 72
98 14
79 42
95 35
65 21
84 87
4 16
10 42
10 92
36 23
25 21
100 62
88 11
49 83
69 52
36 43
74 43
20 11
21 60
77 93
36 7
91 17
34 67
34 28
78 44
95 63
45 19
47 24
37 28
28 76
57 65
73 91
69 13
53 74
20 100
14 7
11 8
9 36
18 79
95 41
8 5
67 41
71 6
7 44
23 37
30 3
31 84
16 25
62 97
21 16
67 60
19 26
42 85
96 76
88 59
67 89
55 54
33 47
51 63
40 7
57 26
90 22
56 9
50 16
36 18
91 3
99 63
95 19
82 93
9 27
76 38
93 5
57 34
97 32
41 28
43 41
57 75
10 28
33 54
92 39
21 55
55 73
97 18
40 41
34 93
90 33
31 94
40 96
36 8
32 54
87 57
34 6
49 61
36 74
50 41
12 58
40 66
53 88
39 99
24 89
14 15
10 98
22 7
32 3
100 49
34 20
11 82
84 35
24 16
59 72
51 13
33 62
50 54
75 66
96 73
97 52
40 83
59 62
32 44
15 65
33 60
46 71
95 96
61 22
40 51
23 85
18 59
21 95
37 14
7 39
22 35
43 84
74 2
54 78
89 59
41 71
88 66
18 69
6 61
69 95
48 68
82 20
45 30
1 88
20 33
1 96
17 58
33 32
51 26
39 81
64 88
17 88
31 7
2 77
39 4
79 36
50 7
92 38
3 36
79 65
29 7
45 56
9 71
45 73
53 1
8 45
50 85
49 35
64 45
46 81
33 57
48 17
85 56
19 59
48 83
54 67
89 80
70 71
35 88
33 86
5 57
22 27
94 73
28 51
71 18
75 52
92 45
75 76
3 27
32 29
34 73
63 20
72 39
20 6
2 27
49 48
11 90
92 11
84 12
65 85
65 13
31 72
51 52
52 54
1 75
30 48
14 100
94 29
9 43
4 37
57 32
42 21
24 11
60 31
15 84
28 39
27 60
90 6
10 76
71 69
80 5
21 13
51 49
96 8
81 34
40 12
81 10
17 45
96 41
69 93
22 69
84 21
75 25
5 12
62 37
12 19
21 10
71 84
12 77
71 30
76 16
32 90
69 28
56 13
26 39
47 95
42 15
62 57
25 79
76 35
20 1
61 19
38 77
90 53
34 31
97 100
55 81
27 4
15 53
21 85
78 80
71 76
95 52
46 48
5 32
42 40
69 60
12 89
93 18
57 3
56 62
66 51
41 58
78 86
2 70
74 70
100 91
21 28
35 4
5 46
10 52
58 83
15 10
82 6
47 16
67 64
16 13
86 96
65 7
64 91
78 12
55 41
81 69
99 10
13 8
73 28
7 23
42 63
43 52
14 35
62 53
66 27
5 51
5 49
4 66
94 35
70 14
75 83
43 12
1 62
69 90
4 6
55 45
50 77
82 66
37 57
76 5
74 27
50 88
40 11
55 34
48 74
56 49
91 83
29 1
96 22
53 43
89 20
82 73
33 12
55 65
13 46
23 20
18 16
87 79
46 24
95 31
26 40
13 85
80 32
36 10
59 57
91 84
27 41
43 88
25 18
3 12
93 54
22 72
57 97
29 68
15 85
98 3
70 85
49 74
22 4
87 27
75 9
94 72
73 29
33 79
44 16
39 16
80 19
64 89
80 58
73 30
15 51
28 62
73 23
61 1
22 44
33 14
57 2
51 81
2 30
92 57
79 52
7 41
73 18
85 9
14 10
86 27
16 67
25 64
58 86
46 6
18 85
3 45
17 75
77 80
73 100
34 60
2 65
77 58
68 74
93 19
87 90
94 4
88 34
25 78
23 53
95 39
14 4
8 6
71 39
32 23
97 1
74 47
84 56
85 32
27 18
37 77
55 13
47 43
66 97
32 31
41 56
96 70
44 60
96 81
26 81
84 25
95 38
14 28
70 99
68 75
29 41
99 12
66 3
49 38
88 41
23 5
8 29
23 71
82 91
66 59
44 93
66 65
30 7
85 37
79 38
56 79
51 72
79 72
40 55
46 10
99 38
39 22
10 53
72 24
52 24
42 38
63 35
59 20
12 23
87 10
29 42
13 32
56 38
75 49
30 37
94 69
44 89
96 92
42 76
42 31
32 10
5 36
89 47
74 61
84 33
26 86
41 70
62 51
85 30
53 41
31 93
77 76
80 7
57 45
75 26
42 70
6 43
29 12
10 20
22 54
42 45
32 50
47 29
17 5
49 68
52 86
16 56
15 69
72 62
61 18
29 55
71 67
15 27
64 80
85 24
26 45
73 63
17 74
1 27
97 51
7 70
77 70
3 39
48 72
57 74
35 6
81 86
59 61
54 94
80 47
75 91
95 75
16 46
80 21
72 77
71 28
35 70
22 30
81 63
64 20
31 89
17 79
2 19
9 89
100 79
25 66
72 21
15 23
69 48
38 29
52 45
57 77
31 91
53 34
93 30
51 36
24 42
22 8
4 38
78 43
47 96
52 40
20 70
76 21
95 27
79 57
90 83
78 26
35 54
38 44
68 42
64 79
33 29
59 56
94 20
39 64
10 64
33 92
10 24
44 71
52 3
55 72
68 59
80 92
32 15
53 93
55 31
24 49
71 36
87 97
87 26
27 77
10 97
70 40
3 65
22 92
53 29
9 69
76 94
82 88
36 49
78 62
4 32
85 67
11 29
45 87
82 99
12 26
49 19
92 58
55 19
50 28
40 62
32 2
43 50
98 18
47 34
48 3
91 95
53 94
49 29
38 83
95 53
87 3
39 13
12 49
70 72
94 80
90 34
41 89
100 94
26 17
30 50
86 6
9 31
81 83
78 72
16 36
43 68
18 15
26 18
98 38
48 20
7 91
84 95
63 66
99 77
36 13
56 15
7 82
100 55
39 78
92 6
59 37
15 11
73 22
1 28
43 72
69 85
8 28
74 96
76 65
43 85
2 53
74 82
27 61
38 80
9 65
31 25
64 74
94 44
49 16
38 67
17 51
99 100
38 55
13 49
49 69
73 11
70 56
28 100
71 15
35 15
84 77
50 37
84 79
11 23
31 1
63 13
99 31
91 74
79 27
98 87
9 49
12 82
37 45
16 6
98 53
82 19
26 20
50 70
26 3
41 37
15 92
25 35
32 14
90 45
32 69
32 99
3 61
55 44
66 37
91 2
69 3
3 95
94 22
10 8
67 94
98 47
95 72
63 75
54 68
57 95
73 66
91 81
65 25
97 58
35 55
88 45
97 13
93 22
61 46
94 68
37 97
11 79
22 82
37 25
58 88
27 26
16 51
20 49
9 29
65 52
63 92
29 48
33 28
50 80
91 16
48 54
88 70
55 76
16 35
90 75
79 62
3 54
10 11
99 48
96 85
76 58
6 93
8 62
76 69
52 37
26 76
21 89
33 85
27 21
53 46
11 54
82 34
50 46
88 55
11 76
93 23
2 3
37 36
65 19
62 65
52 6
26 21
100 13
53 5
46 86
95 46
71 12
2 44
75 19
72 11
63 39
93 73
12 13
56 65
2 16
20 75
55 56
84 19
82 65
63 91
61 36
43 96
13 88
100 84
4 23
2 64
98 54
36 62
28 23
78 69
52 23
65 49
4 73
2 36
80 74
61 7
86 28
68 6
34 58
45 61
99 11
78 89
70 82
44 40
58 2
74 93
56 78
54 64
31 92
35 57
50 72
37 43
20 80
30 23
12 7
73 57
66 89
72 14
79 93
88 5
32 100
8 70
83 51
99 88
82 83
86 71
40 68
82 49
72 60
30 29
33 99
82 5
90 38
15 64
60 66
21 74
92 4
55 63
60 22
69 87
67 92
68 1
72 29
68 25
54 60
68 50
98 7
63 27
40 15
35 28
41 85
19 24
9 54
95 11
8 53
6 45
9 20
47 22
46 93
67 76
7 78
59 54
50 93
22 75
76 79
46 47
57 89
11 65
72 35
59 40
97 68
40 87
25 49
83 78
91 70
90 72
98 8
29 65
99 61
11 62
28 26
44 34
94 83
5 43
60 51
11 39
14 58
28 5
49 44
68 7
76 51
65 45
50 53
50 83
69 4
33 16
16 42
62 49
20 28
34 30
97 90
11 81
23 17
12 18
17 59
62 22
84 38
53 80
93 78
42 28
11 26
3 31
49 91
71 60
81 9
42 84
73 38
62 34
81 97
85 88
30 64
1 55
89 28
82 61
10 17
31 63
35 90
9 63
58 3
43 28
10 29
81 5
37 53
39 76
58 1
17 22
30 36
45 40
6 67
91 29
31 65
18 8
98 6
5 69
82 8
14 34
25 58
7 72
40 30
6 38
99 41
85 47
53 69
86 31
26 29
39 17
39 60
96 83
51 22
37 11
69 16
61 57
32 6
20 44
48 13
91 23
46 3
96 29
53 18
85 58
52 13
71 25
9 11
36 34
80 46
74 44
82 53
44 12
4 97
87 74
90 30
67 31
42 11
78 61
23 39
77 31
77 88
10 74
25 30
1 10
73 76
29 22
85 35
36 38
54 39
76 12
56 97
80 71
95 65
4 12
71 68
46 78
30 60
93 85
19 96
35 34
27 46
64 50
88 76
37 49
22 74
62 27
25 14
11 28
89 46
19 68
15 49
11 16
67 11
59 39
96 100
30 8
11 32
73 47
97 98
52 92
41 5
67 87
87 51
33 43
54 24
95 17
1 33
48 39
1 60
70 18
93 26
51 48
82 80
1 76
38 1
96 42
27 50
18 75
35 47
11 44
20 37
14 23
1 37
37 16
41 42
94 24
12 67
83 69
91 50
95 60
98 33
43 92
39 85
53 55
56 60
20 62
58 31
97 28
84 55
75 81
81 24
87 42
23 63
14 1
34 25
35 86
73 79
54 77
17 25
40 10
83 29
27 13
86 38
94 8
14 59
27 32
24 18
66 10
15 54
67 100
70 37
33 80
97 36
76 95
22 86
18 92
45 29
5 50
69 97
48 66
27 28
19 99
14 41
25 63
4 93
59 55
5 84
13 77
47 51
49 79
65 92
85 100
38 7
75 54
46 51
78 22
31 33
1 36
41 22
47 62
65 36
29 90
54 2
65 67
25 50
49 64
87 18
68 58
90 2
83 24
78 76
30 72
19 77
62 98
96 14
80 39
3 86
26 33
53 22
90 55
1 71
12 65
50 48
27 31
9 68
40 85
34 4
66 71
45 21
26 89
32 18
70 44
12 88
10 80
47 64
12 80
45 18
36 46
92 49
46 94
39 51
41 31
73 51
44 86
55 95
57 83
88 6
29 34
32 58
83 88
41 25
99 72
79 14
94 13
67 52
53 92
14 30
67 25
26 53
76 23
63 29
54 26
89 43
24 79
65 74
11 47
100 41
80 45
53 33
21 70
25 72
85 84
31 88
46 90
61 88
26 100
70 43
85 45
8 23
66 47
24 43
44 27
62 23
21 5
46 97
37 74
34 87
60 68
33 11
82 86
27 36
76 22
28 31
27 57
65 46
98 91
70 23
70 26
69 77
4 78
27 99
98 17
9 64
100 86
98 78
17 1
41 97
6 31
48 79
56 51
48 9
91 78
37 7
4 15
39 25
68 15
71 32
33 10
71 49
67 51
26 1
72 75
36 11
52 99
41 48
25 88
16 81
82 69
99 73
89 35
30 53
7 47
70 66
35 5
57 88
47 37
28 96
84 18
80 24
75 24
93 97
38 46
63 74
57 52
97 19
82 39
19 48
37 79
74 16
84 20
77 11
63 43
34 42
58 91
41 30
45 32
56 96
67 72
78 32
25 44
78 92
93 57
77 35
43 69
69 61
7 79
93 15
6 13
73 54
34 71
69 66
8 37
16 20
9 91
65 99
68 63
7 90
45 76
26 36
67 19
91 27
72 4
97 71
30 69
21 51
15 13
99 29
77 71
77 43
98 2
84 10
8 90
65 96
30 58
3 22
4 61
94 88
57 6
17 44
21 41
92 91
31 66
55 70
52 5
76 57
62 69
79 26
62 88
22 1
4 83
22 63
49 31
91 61
21 20
15 59
9 12
88 15
84 11
74 24
19 86
69 79
48 21
66 1
96 97
63 14
87 7
100 46
86 66
54 46
42 61
98 86
38 97
49 17
44 81
90 27
79 5
52 9
57 90
74 69
73 77
26 41
36 68
57 19
7 16
28 29
12 63
51 10
61 41
23 86
52 11
76 62
6 10
56 36
11 61
14 92
55 74
84 82
45 84
81 66
8 54
8 93
51 14
63 80
17 19
99 20
67 59
12 60
32 67
6 69
73 97
77 74
57 58
79 94
32 96
86 80
92 95
94 47
86 13
72 8
20 41
98 60
53 51
29 59
93 45
42 51
95 66
48 38
78 87
15 39
59 33
27 96
98 36
29 4
30 4
58 78
89 51
28 25
21 37
98 40
63 3
61 25
50 79
63 83
94 66
47 49
25 9
47 53
16 90
80 31
75 23
5 9
75 62
29 82
8 44
49 70
73 65
74 31
1 39
30 61
63 67
56 48
34 63
67 1
34 65
56 26
75 51
26 96
9 34
94 16
81 6
87 47
90 88
18 95
6 15
68 96
77 47
77 85
57 4
49 60
98 59
57 68
89 88
97 95
85 7
1 21
26 63
10 68
94 34
87 85
16 83
80 13
29 31
91 45
76 7
38 62
53 21
10 77
40 39
20 79
18 33
54 57
10 85
98 15
90 71
68 39
49 8
52 89
17 77
54 6
27 5
12 55
37 27
59 2
74 92
35 46
20 56
73 9
42 66
64 3
32 98
32 35
41 39
41 18
15 43
67 42
31 73
88 38
15 5
85 79
24 53
43 75
71 59
23 69
25 11
92 87
29 62
12 48
7 99
66 98
78 9
67 39
4 98
6 11
20 42
68 81
56 33
39 14
99 28
55 57
72 34
49 26
79 63
20 54
13 4
30 54
46 59
26 85
13 82
23 60
66 20
27 64
100 17
64 14
64 31
84 27
12 16
29 24
1 85
70 46
56 27
3 84
43 99
85 94
50 31
66 68
61 68
92 93
60 14
22 43
73 90
24 73
47 5
81 22
98 57
64 17
95 45
68 11
39 10
89 58
43 64
76 48
74 35
8 46
56 31
14 89
19 62
41 80
96 24
19 25
22 6
57 18
97 61
44 50
57 69
93 39
1 2
2 76
28 57
56 86
14 2
35 69
91 11
29 64
77 1
43 71
10 50
8 76
56 98
64 46
38 94
24 35
64 41
52 32
92 25
63 56
30 77
1 50
34 19
8 50
37 55
87 14
62 9
47 84
25 99
51 3
64 94
98 67
7 35
98 50
6 62
77 16
68 38
6 30
30 88
58 43
33 40
68 62
55 52
41 77
21 69
39 53
18 67
3 72
99 4
98 94
5 55
1 81
57 16
43 44
52 50
50 95
71 17
63 58
23 18
63 17
72 49
75 92
83 86
22 26
88 73
97 63
67 53
77 23
78 60
70 30
49 50
41 69
92 2
42 48
57 91
63 78
1 78
15 28
3 85
59 10
14 93
56 77
47 45
29 3
93 38
61 54
3 14
43 79
83 15
38 59
100 53
45 13
13 66
4 47
46 7
25 3
85 46
99 35
90 65
97 55
20 90
84 97
77 18
35 38
86 72
2 39
26 35
81 23
57 23
23 72
90 61
35 82
26 80
58 56
33 68
78 13
10 9
85 20
8 12
17 3
94 58
86 88
82 25
19 30
48 59
68 5
37 65
62 10
31 47
30 42
20 68
66 28
82 9
56 44
81 20
36 64
4 48
7 64
82 64
92 69
95 100
89 23
80 9
98 84
51 94
10 2
20 93
98 92
94 71
77 32
71 55
67 49
71 8
4 63
36 45
44 18
88 72
62 60
55 14
18 99
40 91
56 75
44 45
71 13
34 74
84 51
28 48
12 87
90 23
40 3
59 1
20 27
27 45
23 58
56 73
56 72
96 37
13 18
1 84
65 72
23 98
89 45
52 66
43 54
76 64
5 98
90 68
78 97
34 92
89 90
81 12
58 72
35 59
41 72
73 44
70 39
28 84
26 97
89 37
40 97
7 15
66 5
68 64
54 87
6 42
24 32
56 83
96 20
20 95
24 71
28 88
87 96
15 81
66 64
62 7
3 35
75 3
100 59
87 68
34 66
51 2
55 15
85 8
8 63
96 88
48 8
33 17
74 78
49 40
87 4
50 18
79 96
52 68
3 92
29 88
19 76
40 54
25 7
12 98
42 55
27 73
63 61
87 75
20 31
92 7
13 35
87 46
81 47
29 23
88 91
18 9
64 61
31 52
90 74
49 23
95 16
24 3
48 80
86 70
36 39
19 56
47 42
56 74
70 75
93 29
70 31
42 5
3 94
42 22
38 52
79 31
58 38
10 38
26 66
25 5
15 66
43 34
97 99
34 86
59 27
67 57
27 33
71 92
13 30
39 47
42 91
5 77
30 67
86 97
22 58
13 93
100 61
42 71
30 84
46 29
62 93
30 11
100 76
86 91
50 47
69 45
80 15
25 87
88 27
22 95
84 65
86 63
66 50
79 19
83 39
85 36
38 26
51 90
46 17
76 20
36 25
59 85
53 70
62 70
33 4
54 42
53 36
59 16
100 75
95 58
90 80
73 19
43 98
39 94
76 72
67 78
59 86
15 78
54 69
47 55
59 3
16 22
99 14
32 42
60 93
99 93
93 84
97 33
96 98
84 78
84 59
39 96
54 5
89 60
100 82
90 95
2 9
70 16
82 18
92 89
67 69
56 87
4 56
11 83
66 62
71 50
33 39
46 58
12 96
95 37
65 10
93 76
46 25
31 12
76 84
83 44
42 52
32 41
3 21
86 77
83 89
74 86
4 88
87 94
15 62
6 53
57 49
48 10
75 40
55 67
8 89
89 71
67 75
79 34
16 41
23 54
58 11
96 46
64 56
64 83
35 1
13 70
7 53
9 59
81 80
36 73
44 36
9 100
80 42
11 35
3 49
25 74
82 38
43 91
12 46
48 77
86 53
44 63
15 79
66 35
52 87
10 73
18 72
1 3
10 31
38 78
22 77
95 8
97 48
96 45
37 58
5 63
29 25
65 35
3 81
48 33
33 77
63 2
34 45
4 25
72 13
92 23
54 89
87 33
5 48
7 27
80 98
85 71
8 79
18 2
32 63
81 74
70 12
18 80
88 42
74 28
33 3
77 29
71 27
42 60
59 11
7 49
79 92
55 99
40 27
5 6
22 9
86 17
5 45
7 52
47 71
2 87
29 56
23 10
90 78
13 23
26 59
53 9
77 6
82 94
58 8
1 18
74 30
58 82
31 100
2 28
76 36
100 66
90 28
69 91
19 72
78 11
61 75
91 93
85 97
5 14
51 98
52 56
53 44
60 92
4 46
13 87
32 59
9 93
46 2
10 13
27 48
87 62
35 80
67 28
39 90
77 87
61 23
20 69
74 75
93 3
76 25
81 14
52 35
95 43
7 67
90 86
60 36
33 30
6 95
17 78
8 25
17 55
54 10
14 68
5 29
25 85
41 78
85 66
68 47
89 48
40 20
46 32
81 40
54 62
85 76
3 8
26 4
5 92
7 57
30 100
75 27
42 92
68 13
59 49
51 27
96 7
6 56
86 84
84 72
57 40
33 88
23 33
54 96
82 28
69 64
73 15
90 42
72 27
84 92
14 12
63 64
99 8
95 23
59 23
6 26
53 52
44 3
68 45
77 91
31 30
5 31
10 90
8 65
72 68
87 61
60 74
47 88
19 22
13 59
17 43
27 10
75 60
51 33
23 41
51 45
95 88
89 99
90 96
43 29
95 83
31 59
10 35
97 3
2 62
23 84
44 1
87 15
87 36
69 55
67 90
9 99
51 1
79 28
29 16
70 32
99 74
9 23
42 27
39 52
90 5
17 6
15 3
91 54
79 88
55 86
78 5
22 66
84 16
30 49
62 95
80 6
72 40
21 97
7 77
28 46
73 64
50 2
78 36
33 96
13 3
44 80
99 1
10 78
28 17
94 78
2 49
8 9
75 69
19 47
20 57
70 27
20 43
88 52
62 91
85 98
28 85
30 26
53 17
89 19
64 13
90 56
90 14
24 67
72 54
66 67
58 90
4 10
37 10
80 70
45 7
50 96
69 38
7 93
25 10
51 74
8 78
96 49
35 79
78 68
17 73
7 58
45 33
6 3
47 18
14 53
6 24
92 26
77 83
94 11
21 44
61 93
30 10
76 98
66 87
73 62
100 2
67 33
82 85
43 48
69 98
45 35
58 45
60 4
97 67
85 52
21 93
5 100
37 3
66 79
30 76
99 34
47 1
52 73
97 80
61 34
13 92
28 47
18 94
69 1
100 77
59 24
13 24
96 25
15 94
61 28
57 70
92 12
2 69
94 81
71 26
14 20
50 34
94 33
85 74
41 52
53 63
62 52
5 73
100 18
16 89
5 34
94 63
7 2
11 64
34 27
30 16
71 5
74 5
73 98
56 100
28 80
82 47
75 71
81 84
60 19
67 9
24 12
30 5
55 39
92 72
27 93
77 36
76 43
83 99
4 62
48 47
17 69
59 7
73 84
100 29
93 87
11 87
77 24
19 16
32 49
91 65
57 43
24 58
69 96
1 72
65 63
28 60
28 72
32 12
36 88
51 55
83 26
21 61
31 16
21 8
24 2
55 7
18 10
31 18
57 63
80 3
32 28
21 14
43 51
99 15
100 10
12 59
95 61
26 24
72 33
44 29
66 9
24 25
13 28
94 23
65 98
59 93
49 43
35 23
86 14
72 93
20 78
17 93
33 49
33 34
14 44
46 74
48 16
35 81
68 46
12 74
58 51
48 45
29 67
19 100
60 7
23 27
60 100
51 34
47 25
2 81
69 29
69 36
67 74
71 100
91 13
30 35
87 86
56 34
71 45
5 16
5 60
85 91
1 93
66 16
43 61
45 97
57 71
62 83
57 100
76 82
98 49
40 60
70 36
76 91
46 41
23 66
5 70
18 39
69 72
62 58
44 26
25 80
16 71
45 9
36 52
42 57
36 6
77 60
64 26
55 48
74 76
71 63
15 25
48 24
74 40
85 16
21 66
98 30
28 40
98 64
22 48
32 89
79 55
88 24
37 71
59 95
3 11
19 70
3 73
60 41
44 35
47 12
100 37
15 9
46 49
96 64
71 88
61 70
94 10
100 64
73 89
58 79
17 56
41 35
94 95
14 67
32 21
42 74
44 41
98 22
60 17
57 12
22 32
40 1
23 47
48 6
50 58
99 62
80 87
73 86
7 4
75 5
81 45
10 82
69 26
21 49
100 47
25 83
59 25
77 59
67 82
54 16
5 33
38 2
37 60
79 60
97 5
25 73
26 15
68 35
95 34
6 59
88 21
47 44
22 20
30 82
25 42
73 95
90 92
2 37
75 89
64 18
88 92
8 1
85 4
55 27
55 96
34 84
86 12
14 91
72 89
40 58
4 96
98 88
51 71
87 21
5 38
81 57
75 28
62 50
40 47
77 42
96 21
6 85
49 73
45 20
56 32
81 56
15 36
9 35
75 96
100 27
49 80
66 30
21 35
66 2
14 46
58 35
49 76
62 42
82 50
1 4
4 18
70 90
15 12
35 33
89 2
86 47
18 63
77 66
78 31
27 94
44 91
11 57
19 42
29 21
18 68
57 9
98 70
46 75
83 98
93 11
49 84
39 30
19 1
11 50
41 12
92 86
85 34
1 13
96 62
67 61
37 29
47 52
18 74
24 15
76 14
39 62
38 22
52 60
97 77
73 85
32 7
85 78
31 62
12 51
5 61
17 87
56 67
71 72
74 19
65 6
91 18
79 74
83 27
55 87
59 73
40 88
63 88
33 52
100 93
86 45
59 70
61 15
72 74
37 67
49 55
2 29
78 45
100 88
43 80
7 19
46 82
89 11
32 84
79 99
70 17
69 65
48 62
23 83
66 6
1 48
36 31
25 1
50 39
3 28
74 45
27 30
31 98
73 67
24 27
88 54
79 39
8 66
80 27
14 38
20 72
74 6
20 4
47 36
59 50
90 76
87 89
61 37
10 43
64 57
95 2
84 60
68 28
92 19
19 69
77 55
15 100
79 98
61 89
41 81
90 19
92 61
54 99
25 51
92 35
91 12
50 9
9 6
26 5
82 26
22 11
39 20
19 37
61 35
35 93
53 49
82 33
98 100
49 89
37 51
90 24
56 42
13 67
18 34
91 67
17 81
59 81
72 26
2 15
86 25
83 67
19 5
52 59
90 48
82 44
36 91
40 77
98 28
99 44
39 45
94 36
20 30
42 86
61 62
7 20
24 7
63 49
11 27
64 81
17 35
36 75
7 100
27 85
68 8
31 17
2 25
1 30
60 64
99 30
46 21
2 4
94 61
29 79
75 93
14 69
55 78
4 17
21 18
43 87
36 42
96 15
93 28
42 69
11 86
14 80
30 12
13 54
89 18
2 61
7 97
82 71
28 4
64 71
48 25
67 8
29 52
100 89
60 47
21 34
14 24
50 97
48 58
18 66
65 41
12 94
23 16
85 55
31 53
52 78
24 36
82 62
38 70
56 7
16 27
60 80
84 58
17 54
46 26
72 10
7 8
47 2
13 7
3 71
5 3
76 59
58 61
97 12
21 38
23 88
14 13
14 97
71 20
80 1
39 9
13 89
82 4
13 47
97 43
69 31
79 59
34 12
15 77
21 91
6 91
96 9
84 17
82 27
73 40
77 98
67 99
60 3
96 51
26 42
58 21
23 45
61 85
26 67
14 19
89 30
12 100
44 31
57 50
35 96
93 70
87 48
34 52
22 91
74 32
61 12
37 94
91 20
51 86
45 24
71 14
44 68
75 35
53 4
95 86
73 80
40 2
7 48
90 91
81 33
28 63
75 12
40 21
89 85
80 99
33 76
48 63
97 74
63 24
79 91
43 56
41 68
81 70
8 31
9 41
48 96
14 95
48 65
9 84
83 84
55 36
78 33
83 80
37 42
2 41
37 40
42 75
66 78
5 40
42 46
41 54
95 33
51 70
32 83
1 65
73 81
78 59
49 45
10 95
56 1
100 4
14 22
76 31
69 24
48 57
53 38
37 34
24 22
21 94
11 60
25 20
64 32
82 95
88 19
83 97
26 55
61 29
41 79
100 51
38 75
37 48
21 39
44 48
6 37
98 48
53 85
64 48
42 7
44 97
75 88
11 51
60 13
52 77
19 6
44 79
100 8
30 78
4 52
36 99
61 72
57 1
59 91
19 64
57 82
77 8
80 55
58 42
53 60
1 11
97 88
98 27
57 13
99 2
87 88
17 2
50 29
17 9
47 83
71 2
56 54
92 40
78 79
87 9
62 43
53 40
24 100
3 9
93 58
11 98
73 39
64 85
76 9
17 30
8 75
40 34
40 35
98 26
38 8
85 92
61 24
19 66
51 68
68 70
79 97
9 14
42 35
52 61
15 8
54 29
26 10
24 37
71 10
46 44
79 10
62 16
100 16
21 78
3 79
71 40
24 8
23 21
34 91
60 20
47 93
99 68
77 14
12 35
8 92
4 70
36 72
15 89
48 81
78 75
49 28
90 49
48 61
19 11
3 42
77 25
59 92
6 33
57 99
74 3
93 32
75 86
95 4
20 61
100 87
47 20
30 56
52 12
24 4
43 2
89 93
6 64
36 81
49 52
99 51
65 70
24 23
62 14
89 97
86 30
47 79
83 53
47 72
93 24
7 71
25 97
55 33
61 13
71 29
96 31
61 31
58 16
58 96
88 3
63 46
21 67
39 75
35 60
75 55
17 18
43 26
100 33
78 50
87 30
74 71
14 78
49 87
82 68
96 67
9 79
50 75
79 21
48 36
65 27
29 85
25 27
44 24
94 49
94 92
90 4
52 44
69 99
100 6
34 13
89 96
63 33
30 46
34 76
36 58
90 37
34 7
13 17
3 70
84 66
83 70
44 13
88 65
77 61
73 2
8 14
74 50
18 51
86 89
2 48
64 62
33 8
12 37
98 99
87 58
74 29
74 11
46 79
9 74
72 66
90 59
73 87
66 74
62 17
7 28
84 44
88 56
25 81
60 45
96 78
69 59
39 69
46 83
60 88
42 94
67 93
71 91
64 75
45 63
8 20
43 7
57 29
62 5
55 30
77 26
89 55
14 73
85 22
4 86
78 19
74 94
46 69
37 54
53 25
72 97
68 12
25 6
50 60
27 67
74 89
51 29
80 75
72 91
49 93
49 99
87 65
5 1
23 22
17 27
33 37
37 88
41 62
63 89
73 35
21 64
94 45
18 48
86 60
85 57
3 41
41 82
56 24
37 15
98 42
1 23
100 48
77 20
72 82
32 9
61 79
62 32
39 91
99 95
94 14
8 80
21 7
6 75
74 100
16 78
8 59
54 49
8 26
75 11
14 65
78 42
3 100
79 54
7 17
35 98
14 66
5 64
72 83
87 37
78 47
42 64
39 58
49 77
100 40
53 66
72 17
84 57
40 50
89 33
51 77
90 3
27 38
96 36
42 17
23 25
12 27
8 2
28 91
14 75
5 91
78 49
16 65
56 76
37 22
62 18
23 96
3 43
18 56
8 43
98 45
84 63
77 82
53 68
81 88
69 70
59 74
18 86
13 41
59 64
14 74
19 52
90 21
90 98
28 87
86 32
35 51
100 70
28 22
16 34
91 25
73 72
35 91
94 70
78 70
78 28
32 30
12 72
41 93
99 92
77 44
98 39
91 10
16 99
79 95
46 9
37 38
24 98
6 41
86 41
36 12
73 69
31 40
63 47
32 20
15 58
16 73
69 89
38 20
87 31
85 44
32 94
35 62
57 44
14 82
20 36
84 36
49 11
47 69
21 71
14 83
7 89
47 30
74 8
29 86
92 55
2 60
78 48
87 6
47 54
42 82
56 71
93 48
49 81
86 48
60 16
45 31
51 65
3 67
6 83
88 2
13 33
95 1
61 86
65 68
80 59
19 31
6 7
35 71
41 24
63 72
62 45
65 94
18 58
39 84
52 80
29 27
1 41
59 53
40 93
58 53
41 17
3 76
87 32
4 77
95 93
32 17
54 44
72 15
86 94
24 31
93 81
20 55
14 48
42 95
25 56
21 81
67 50
72 44
50 81
67 68
48 75
80 68
84 4
33 50
59 47
9 60
69 63
36 32
2 26
58 54
99 96
35 18
12 11
63 87
75 7
1 87
19 94
18 7
17 11
93 63
89 42
51 93
37 83
1 74
14 43
95 24
57 21
17 52
96 2
64 8
5 83
95 36
97 54
81 53
13 19
40 19
74 84
62 80
44 23
46 22
78 65
12 2
16 87
77 46
97 82
83 35
38 51
93 64
24 21
52 16
54 21
36 67
88 18
72 2
15 22
90 94
26 60
35 50
25 69
58 52
7 11
27 39
95 40
99 50
91 89
68 86
63 54
6 29
95 29
75 77
65 93
60 55
94 62
80 72
37 18
88 49
42 93
11 38
50 17
10 45
1 83
56 3
29 20
21 31
100 43
17 80
92 36
97 2
40 14
3 23
78 99
64 92
41 92
36 80
21 86
19 10
94 26
15 38
54 66
2 67
84 54
1 100
79 71
99 90
74 52
38 81
96 44
21 36
17 82
39 12
50 13
19 33
89 68
11 96
86 20
11 43
66 92
79 13
26 16
66 11
87 50
73 68
92 54
58 20
30 80
56 22
86 10
21 33
33 44
52 8
83 10
61 55
51 19
54 86
99 24
44 69
44 4
15 47
6 79
73 60
61 33
81 100
6 60
16 92
21 11
16 61
79 82
3 34
24 91
83 73
24 76
88 67
3 20
67 23
25 93
16 79
79 32
83 33
86 79
14 6
60 97
4 65
20 35
10 89
44 90
72 85
47 61
29 13
62 86
61 83
7 94
15 31
93 10
18 6
68 84
30 79
28 94
63 41
47 57
95 64
31 51
96 6
11 14
12 83
72 37
82 31
21 9
95 7
81 27
66 76
93 66
64 58
18 42
61 66
75 94
1 16
100 80
58 47
17 15
44 66
49 22
91 94
30 63
98 29
63 37
51 69
42 81
30 43
95 12
81 71
55 50
45 43
45 14
34 48
17 83
4 5
30 97
74 33
84 7
52 94
9 19
51 23
88 32
65 28
15 20
41 15
98 41
25 52
59 4
71 52
60 15
68 95
39 29
100 63
30 65
71 78
53 61
56 46
78 57
63 90
63 62
90 62
25 62
90 60
61 32
98 55
8 32
78 81
9 61
14 57
65 61
65 18
61 80
33 73
76 27
81 32
42 13
5 59
83 65
38 41
3 83
63 82
39 6
75 99
24 82
18 60
36 83
75 30
73 21
71 95
92 1
40 80
51 88
82 23
67 10
68 23
86 65
90 26
33 36
34 97
48 23
73 70
21 92
5 89
11 100
54 36
37 84
43 46
54 81
96 57
81 31
89 3
19 44
97 92
95 30
6 99
8 91
50 56
9 90
86 5
4 64
86 49
65 60
74 54
13 26
83 55
42 8
75 85
57 8
4 76
41 51
86 36
29 14
36 4
27 97
9 72
32 38
97 75
65 20
53 3
5 11
99 42
30 51
26 7
59 96
91 68
43 59
47 65
43 38
57 17
3 38
29 84
5 67
11 48
4 49
87 72
44 65
95 85
9 83
83 59
3 99
4 68
81 89
69 86
6 23
13 76
55 6
51 9
82 3
16 93
92 24
42 100
87 38
33 38
59 94
34 96
71 4
89 27
26 99
23 78
49 1
50 69
70 63
14 49
81 37
97 6
12 20
14 88
7 88
38 74
70 24
32 55
39 77
28 18
62 92
45 59
86 76
15 57
38 39
41 66
73 37
76 80
57 31
22 12
54 65
89 6
35 48
44 42
12 54
16 53
28 56
53 78
19 29
98 75
52 76
95 44
32 68
14 16
22 10
12 17
92 48
41 4
13 38
35 36
74 23
28 53
56 11
13 25
9 26
51 44
41 45
68 88
93 37
46 20
41 87
11 46
94 57
69 27
82 48
42 9
4 54
12 28
34 23
79 80
79 90
64 37
51 95
24 62
29 81
66 38
83 71
95 32
50 84
65 39
12 25
16 82
12 10
2 79
16 63
41 84
96 52
34 22
92 50
56 2
4 11
33 25
35 43
100 65
66 83
64 28
8 39
69 7
52 26
51 82
47 6
6 44
70 6
77 53
58 73
6 49
18 55
70 95
1 6
90 25
38 34
8 4
96 66
27 14
36 90
93 90
84 94
97 49
33 70
3 50
54 34
60 85
97 8
8 17
24 50
78 82
22 65
80 22
36 40
14 52
68 37
67 46
10 60
7 73
74 83
79 1
51 92
5 99
39 86
55 22
97 31
3 16
81 61
48 52
53 87
72 45
79 12
51 24
16 9
21 100
96 82
97 53
20 53
34 24
64 55
34 100
2 94
15 63
77 21
15 19
67 62
80 85
8 51
88 16
56 37
60 91
67 17
45 38
57 38
22 40
98 21
84 62
58 44
84 24
43 27
1 63
61 84
22 64
78 88
97 91
90 41
55 58
24 86
43 1
46 55
73 41
43 60
71 22
36 66
19 20
5 44
19 46
72 96
76 46
53 75
5 85
76 92
50 100
38 31
43 23
98 89
97 16
79 68
40 86
44 62
83 22
44 30
12 69
99 46
24 17
85 83
86 67
1 9
18 5
46 84
26 14
38 50
3 96
11 69
34 75
26 50
67 84
5 24
98 81
70 76
100 25
36 82
15 46
23 19
97 29
98 68
10 61
82 60
63 85
74 88
56 91
91 53
16 17
11 63
61 60
59 28
99 22
22 2
26 74
85 51
61 73
48 71
88 10
81 77
80 66
36 41
27 6
83 30
93 33
17 29
58 19
34 83
36 59
87 44
21 59
54 51
52 15
99 66
10 75
17 40
63 38
51 61
26 68
12 1
37 99
40 69
87 81
37 78
18 38
24 68
46 34
87 76
61 38
81 90
88 80
13 2
84 96
1 73
91 26
49 41
17 92
16 32
38 89
35 37
99 84
88 46
77 28
52 46
39 66
75 65
89 34
99 87
21 19
13 5
53 11
36 50
13 75
10 16
24 87
97 23
17 94
36 17
99 17
99 91
34 15
2 80
38 28
44 100
62 21
84 52
42 1
40 65
72 6
62 77
54 90
2 84
58 28
1 82
1 46
29 60
80 93
81 72
1 64
13 11
75 37
31 26
46 40
15 75
98 82
71 58
22 33
33 42
8 16
84 88
1 15
90 17
76 60
92 83
78 95
4 42
32 65
73 46
45 22
54 83
73 20
58 69
91 52
76 32
8 84
30 62
53 72
59 87
39 44
83 79
44 9
100 58
28 55
100 35
65 59
3 78
75 58
70 60
56 99
80 11
43 81
10 57
60 96
82 92
68 16
82 32
44 88
42 12
43 83
34 59
45 2
97 17
67 81
38 30
78 40
48 26
82 40
1 32
92 81
39 100
71 11
77 94
45 83
99 47
74 4
40 94
38 17
19 41
92 47
77 45
20 2
97 9
49 66
