100 4737
9 49
13 46
68 75
65 28
20 45
17 60
82 14
29 49
18 78
30 58
98 82
5 98
44 52
82 30
33 35
51 79
47 37
51 67
29 55
14 15
77 12
80 15
71 86
22 97
28 70
40 78
38 90
96 5
26 20
70 49
45 84
40 95
95 90
23 92
49 50
7 77
3 52
83 31
53 63
85 83
89 79
25 35
4 29
79 54
68 32
55 2
66 19
14 77
18 54
84 83
63 43
84 26
35 79
20 24
69 37
71 50
72 84
50 91
38 56
50 8
87 73
37 21
98 77
50 18
96 32
90 15
26 79
93 17
83 100
64 87
23 15
96 83
14 25
99 4
41 92
1 23
81 67
69 9
92 91
65 57
20 19
87 10
62 8
14 24
20 52
77 34
46 3
30 62
18 7
34 68
51 64
63 71
43 95
22 65
95 76
34 54
34 45
60 36
96 50
16 34
74 34
83 89
31 15
27 90
65 84
9 82
56 6
61 30
58 29
3 35
84 88
19 61
95 61
75 18
49 88
16 26
35 10
30 27
86 93
38 63
43 87
97 46
40 37
49 86
50 25
70 1
57 97
31 56
9 93
72 87
15 78
58 17
82 5
23 81
98 53
52 91
10 38
54 76
49 97
2 16
58 12
76 67
33 68
51 7
18 93
86 42
32 98
51 83
1 51
45 16
83 38
86 36
13 55
97 34
59 23
83 7
13 3
62 44
3 16
63 37
46 10
93 81
83 97
70 55
18 55
54 75
6 84
68 97
6 17
93 68
14 9
24 68
61 76
47 4
87 42
56 3
78 27
58 61
55 37
25 28
34 51
76 20
77 20
58 20
64 43
68 37
42 70
45 8
15 69
23 64
17 4
82 79
11 62
5 81
78 28
44 31
96 82
37 18
30 87
20 92
48 2
64 89
52 38
27 93
99 83
7 73
56 21
89 43
5 64
89 97
49 31
94 85
50 33
40 12
9 2
13 90
40 14
13 64
67 43
51 41
94 48
21 22
18 10
7 54
35 32
80 35
77 90
16 30
51 73
72 19
12 34
45 41
80 73
37 88
47 28
17 27
32 85
79 9
13 28
74 49
18 4
30 60
70 95
47 59
84 48
41 58
22 86
31 54
65 3
35 58
52 29
30 37
79 84
78 9
73 60
51 35
13 88
100 75
79 32
68 25
40 17
68 81
52 51
57 91
27 59
71 26
38 70
76 73
42 24
21 34
69 93
96 67
44 18
85 3
73 99
66 94
82 95
77 27
9 91
75 29
13 91
67 89
68 46
43 76
4 25
99 37
51 2
37 71
65 95
41 50
1 49
75 95
88 4
40 96
43 46
19 6
87 56
75 53
19 57
67 77
96 3
12 37
22 15
25 58
70 61
5 4
94 76
53 6
78 64
3 100
3 74
17 9
54 73
34 31
44 27
12 87
11 27
68 45
67 8
40 56
23 83
49 10
42 50
53 12
39 73
25 16
65 44
32 19
83 18
20 59
66 14
58 94
55 10
49 45
82 22
67 66
13 54
88 81
73 85
30 76
64 34
26 25
28 58
98 16
79 83
71 59
85 21
21 87
4 100
29 13
76 92
26 46
96 29
83 13
76 57
13 10
33 79
87 81
23 52
54 57
51 16
28 15
85 58
86 5
4 82
50 53
42 49
8 83
64 17
47 29
12 81
30 50
53 82
30 33
45 15
13 5
62 63
17 61
12 64
63 17
82 28
6 21
73 94
31 4
13 16
62 6
68 22
79 59
16 38
47 70
19 81
33 46
93 89
23 42
52 54
80 93
70 35
54 42
39 68
75 40
41 99
12 33
83 54
36 72
100 99
91 32
43 40
38 79
69 33
9 77
74 16
39 35
37 15
37 33
38 19
17 31
27 53
39 18
5 94
56 33
53 16
21 76
55 41
8 58
12 5
46 35
34 90
45 36
31 21
9 8
17 37
65 83
89 21
46 67
73 28
31 32
27 67
46 100
27 99
90 91
81 4
74 11
78 69
48 35
13 25
71 77
97 38
3 30
54 77
100 42
74 14
39 86
12 76
13 87
6 8
29 70
53 21
38 92
8 97
72 61
100 57
43 7
15 72
4 91
18 80
91 36
29 98
52 43
12 19
54 5
85 86
84 82
67 100
30 34
48 51
71 17
49 19
20 18
53 60
86 45
17 16
30 72
30 41
40 73
27 80
3 90
25 44
54 25
3 88
46 57
88 80
94 60
36 22
74 64
64 94
66 45
1 13
37 82
12 26
7 27
44 80
63 13
90 79
25 36
8 5
35 50
52 96
23 6
92 48
11 57
68 80
43 72
93 44
91 94
73 33
28 41
68 96
11 19
11 89
56 59
57 9
61 96
81 82
47 8
89 65
95 83
83 19
82 60
48 1
89 40
3 67
100 74
82 100
51 56
43 94
37 34
86 89
55 100
47 30
6 34
66 40
87 20
65 21
19 28
34 56
82 91
69 28
32 45
5 2
73 59
15 99
70 58
79 73
52 69
30 90
92 19
100 29
57 80
63 10
50 54
28 14
34 91
6 71
18 95
55 7
40 67
33 34
78 66
39 47
71 79
41 25
41 23
41 34
53 80
60 91
23 10
48 81
81 33
71 16
33 20
68 78
36 17
92 90
2 44
72 69
88 68
70 97
97 19
25 69
28 18
52 40
44 9
30 78
38 2
96 47
8 24
48 54
46 89
71 69
74 73
68 83
19 56
4 43
82 80
29 41
46 78
59 90
55 45
43 14
56 92
88 92
50 9
29 24
65 47
7 25
58 36
77 88
100 93
22 28
46 9
77 25
94 55
94 86
59 10
53 2
67 26
76 41
2 62
70 27
78 50
6 2
11 77
98 20
59 8
28 89
37 97
23 21
8 73
36 24
57 34
97 33
52 83
55 34
100 76
95 14
43 2
5 68
1 29
27 94
68 10
19 13
39 12
2 87
11 75
45 96
72 46
12 49
90 11
64 32
83 25
1 18
74 93
5 33
28 9
33 18
14 39
86 59
70 91
11 95
88 15
5 17
20 99
88 25
12 47
39 100
54 30
26 85
58 57
99 51
6 82
25 6
69 20
85 46
17 12
72 53
46 18
23 45
98 88
48 9
71 65
70 45
50 55
77 40
39 45
78 81
44 8
77 47
56 96
6 42
87 97
23 78
14 34
68 92
61 37
99 79
18 71
63 98
16 42
30 28
33 78
7 40
21 72
60 89
67 61
89 32
64 75
77 42
57 92
99 26
26 69
97 36
95 49
70 77
96 19
63 83
62 79
64 73
51 3
81 61
75 60
92 93
32 54
82 94
3 8
92 53
3 73
94 21
47 75
8 53
4 67
46 24
52 30
90 51
78 14
2 22
99 33
74 62
82 49
3 98
91 3
98 79
65 58
50 20
96 92
45 14
48 47
79 77
32 66
87 7
10 70
63 34
99 39
94 83
1 10
88 62
24 85
72 37
61 9
46 40
3 32
74 90
19 69
77 5
14 84
70 85
36 65
58 83
55 24
65 86
93 63
40 18
35 38
6 37
20 75
80 58
98 86
67 31
97 16
84 20
61 86
81 3
91 54
56 8
43 38
78 26
23 72
93 12
33 22
4 95
55 62
77 51
15 83
40 82
65 61
40 36
66 5
62 57
41 93
82 97
70 54
41 60
80 24
78 72
49 53
35 63
70 73
1 65
82 50
44 10
73 75
76 62
63 97
82 36
21 13
71 3
81 29
2 33
39 10
20 73
64 82
40 15
84 68
16 81
22 14
26 6
73 86
14 19
23 28
53 99
55 83
51 8
85 45
48 85
18 77
74 41
6 30
30 83
28 59
37 58
81 46
44 33
63 6
88 2
53 100
71 66
72 6
20 6
45 53
34 72
47 55
50 97
65 87
43 70
52 9
16 70
65 76
56 69
83 9
37 95
82 21
62 33
36 56
38 51
56 74
96 42
85 35
4 26
63 40
12 44
47 18
12 15
99 68
35 57
49 72
96 55
56 15
98 81
6 54
6 10
55 48
56 43
31 62
29 65
33 27
24 73
17 90
50 87
89 36
13 15
40 83
38 6
95 24
86 66
26 8
78 10
2 68
66 79
98 17
60 64
70 99
14 64
100 45
79 8
1 77
95 81
5 72
98 100
94 35
51 87
27 74
52 66
92 9
34 20
70 44
30 22
19 76
44 64
75 92
25 15
26 70
94 29
35 30
40 79
71 25
34 60
81 89
54 56
59 43
58 74
93 96
7 64
44 85
89 50
9 60
89 13
13 38
41 78
60 99
73 11
96 20
86 97
98 49
75 27
62 4
29 61
38 95
56 80
51 66
37 52
79 74
40 65
74 76
56 65
98 4
15 100
11 37
16 52
79 70
95 44
62 99
93 33
87 41
2 81
26 60
11 64
90 80
93 88
20 8
51 26
22 79
87 40
78 59
28 68
12 41
49 69
45 25
83 45
1 81
6 74
28 52
86 50
62 94
41 9
5 18
98 68
53 83
46 70
86 23
70 40
89 51
98 44
20 4
84 39
86 17
29 46
91 100
6 45
61 51
15 36
91 93
24 30
23 100
94 67
23 50
72 81
93 66
90 29
14 90
46 22
67 75
8 71
91 6
11 91
32 41
32 63
25 81
43 20
94 26
24 25
99 58
53 4
90 73
44 1
99 12
94 9
63 8
52 64
13 32
18 14
25 43
9 58
2 3
33 98
85 74
30 84
7 95
98 12
31 69
91 71
67 15
20 44
78 93
48 67
57 94
42 19
66 95
86 40
9 13
74 8
29 99
91 14
1 14
89 39
78 91
86 72
43 50
42 63
6 100
85 11
66 65
41 84
37 98
42 60
57 84
23 19
29 30
22 1
96 58
40 74
21 15
61 78
94 68
94 13
13 78
27 36
11 67
42 7
98 51
18 30
42 43
66 34
50 2
71 76
27 57
70 81
1 76
9 81
78 42
24 3
78 53
25 95
43 6
62 32
84 16
65 78
24 32
62 87
32 69
78 24
21 90
39 37
27 9
63 87
7 29
10 84
64 67
44 46
40 100
27 24
48 43
79 6
87 9
95 54
89 27
40 59
10 2
78 85
56 57
66 54
58 92
86 48
62 7
3 6
41 64
20 60
90 57
1 41
33 52
47 21
98 71
32 47
71 82
40 62
43 80
2 63
24 40
87 8
84 42
3 79
88 29
89 3
39 44
75 86
40 5
6 83
24 28
16 28
41 39
47 35
12 75
3 44
73 88
3 5
15 19
100 54
36 83
28 76
70 64
28 35
45 26
45 56
3 33
24 41
55 38
69 89
88 64
77 38
31 74
91 8
36 4
27 47
91 43
79 28
64 55
12 24
37 38
50 6
36 67
38 8
19 80
51 92
85 51
64 96
53 54
42 94
58 13
30 4
44 75
13 41
62 25
81 39
28 66
73 38
57 30
57 41
22 61
31 45
7 49
53 44
55 22
69 4
33 6
18 42
28 55
84 1
81 51
1 73
88 11
19 86
77 22
14 3
6 40
16 63
72 1
27 91
47 22
50 72
33 63
9 88
10 9
17 75
37 73
83 61
92 54
81 59
85 63
7 30
11 84
19 10
71 46
88 10
89 58
9 7
2 83
79 86
25 66
18 56
17 13
69 91
36 38
73 46
19 48
57 53
47 91
81 60
72 29
30 92
94 52
93 62
54 58
42 92
48 40
35 5
87 58
72 92
46 77
33 88
13 34
4 85
44 67
2 7
75 46
33 95
4 92
28 31
27 100
18 38
76 53
95 21
99 40
52 31
23 31
17 25
55 52
19 29
67 34
54 43
23 40
55 36
25 31
15 59
99 59
88 6
93 20
80 29
17 96
2 67
66 42
78 90
65 88
65 53
70 65
83 70
66 11
77 78
53 14
61 46
5 88
23 9
49 5
9 90
80 83
31 77
71 87
49 76
90 54
31 98
67 58
78 11
77 82
12 89
49 64
17 54
98 60
80 66
4 42
71 33
87 47
7 39
49 94
31 22
24 67
97 61
52 84
79 34
92 44
5 93
84 19
20 28
56 17
59 5
47 11
1 9
6 90
46 39
82 34
82 59
11 32
44 23
34 42
42 11
70 63
53 77
46 76
19 43
85 66
1 33
54 44
27 85
4 2
95 52
70 76
31 73
60 31
9 22
76 24
49 47
84 76
74 29
69 13
63 36
28 61
87 17
55 11
99 25
24 71
76 91
31 12
96 88
96 38
39 5
47 44
52 46
90 42
46 91
41 8
38 27
31 96
40 72
9 38
61 16
64 42
13 37
59 41
12 94
34 18
85 18
94 96
77 45
82 88
40 29
29 79
58 43
64 30
99 30
30 77
95 12
37 48
1 2
62 3
22 34
3 25
97 85
90 65
96 21
47 82
90 5
54 55
26 7
24 60
44 41
48 76
9 71
21 33
44 37
10 95
26 41
19 54
70 30
35 40
85 8
94 15
6 67
86 44
18 79
83 64
53 10
59 19
4 65
80 89
66 6
89 62
74 69
55 58
36 34
71 7
79 75
15 4
37 93
75 7
2 54
14 61
55 61
39 43
33 89
53 24
53 73
44 74
60 13
75 24
94 70
2 59
58 71
9 4
38 7
98 70
65 34
2 74
22 58
12 71
32 25
94 23
88 20
97 59
67 12
49 59
96 49
76 42
10 37
21 81
58 3
79 61
89 5
49 15
95 16
80 84
61 47
10 27
2 8
1 93
5 74
28 32
93 71
62 35
37 41
52 59
84 8
73 42
37 87
18 35
3 92
77 43
35 19
21 51
83 14
98 47
41 91
61 8
8 75
35 34
25 79
85 43
24 15
6 92
65 42
7 16
34 98
88 55
34 80
72 60
19 100
78 3
43 60
61 90
88 36
9 24
85 100
22 70
57 25
16 100
93 25
11 12
63 96
31 100
72 18
97 78
82 18
5 62
50 80
11 76
89 77
82 35
61 21
56 67
77 87
70 53
1 39
82 16
68 62
19 73
18 41
13 52
2 31
66 17
88 30
86 38
26 22
78 75
64 45
33 57
44 40
82 61
32 37
99 66
97 96
63 15
4 14
63 65
53 3
69 59
62 13
51 97
53 74
76 16
93 90
64 76
15 92
44 56
30 75
42 29
22 84
46 16
90 49
18 60
84 58
26 29
76 33
18 100
59 16
99 11
57 86
29 18
37 78
6 77
2 94
26 89
98 92
6 47
92 70
93 54
81 30
89 100
99 74
33 77
99 91
82 19
16 62
3 57
21 27
50 81
77 52
93 58
48 23
56 85
17 74
22 4
6 36
87 34
27 39
64 29
58 66
68 8
26 38
17 85
37 70
96 16
76 69
91 51
40 38
74 55
72 75
31 20
33 83
68 89
97 53
7 1
49 37
47 13
82 75
63 28
26 42
3 47
92 7
41 47
72 90
54 22
61 94
4 68
31 66
13 51
87 5
3 27
52 22
40 47
43 97
19 37
89 82
19 36
65 72
90 24
59 44
58 51
97 12
68 3
83 92
17 94
74 33
81 57
20 11
65 64
52 12
67 69
27 5
74 75
3 64
72 93
6 51
37 57
57 95
4 27
85 47
27 54
22 81
90 53
45 98
13 67
30 21
56 88
51 68
55 20
92 81
19 25
2 14
98 43
63 56
57 55
64 21
17 62
42 31
13 27
67 79
54 9
98 2
70 34
65 96
59 50
56 86
55 27
81 99
77 74
26 97
67 73
42 32
67 29
92 79
35 87
75 99
3 82
1 89
20 1
12 100
8 36
55 49
46 36
66 55
97 64
16 43
91 64
81 28
12 63
35 98
41 22
50 51
92 1
46 8
49 41
23 38
90 70
64 79
68 82
85 99
97 77
30 36
13 95
10 8
24 1
37 29
69 22
36 59
85 90
78 82
18 43
40 54
72 62
16 36
9 73
90 22
47 45
59 74
66 68
89 15
35 95
48 33
37 65
79 27
80 1
5 48
33 38
13 65
28 8
75 51
50 76
59 34
97 14
3 38
84 7
41 5
7 58
63 26
63 39
27 71
37 83
41 4
65 98
48 14
57 70
57 15
20 48
80 8
12 60
70 50
19 91
85 55
27 56
22 20
50 1
71 38
35 2
82 20
63 73
13 20
15 91
74 88
91 88
78 87
40 45
24 98
11 16
50 69
70 8
93 73
49 58
76 72
77 64
54 11
47 92
66 50
85 41
99 45
52 97
88 7
38 15
23 47
26 23
43 47
8 14
96 75
52 25
29 14
2 86
40 34
8 49
21 7
31 63
52 74
43 45
38 31
66 7
81 31
62 80
60 16
24 59
1 95
24 22
4 58
28 3
64 47
2 30
46 19
59 72
15 84
31 10
37 22
38 5
46 20
7 37
44 91
3 84
93 99
1 100
7 81
21 91
82 57
58 32
67 60
9 20
31 79
45 58
93 82
27 88
85 84
36 14
7 3
53 67
84 64
76 86
61 41
74 12
31 48
22 95
93 23
70 11
43 75
59 31
10 54
4 50
45 29
70 33
17 30
34 100
38 85
87 29
46 11
15 5
15 10
12 10
14 35
82 27
65 80
27 61
46 25
30 12
82 39
3 19
44 11
24 91
98 7
2 93
49 43
87 68
56 55
65 49
21 5
94 18
46 64
53 85
4 87
92 16
22 42
2 64
83 35
69 77
75 66
48 89
49 26
11 48
39 3
12 54
25 29
88 86
13 96
1 64
21 32
10 81
2 57
31 97
66 10
97 15
45 72
74 47
13 30
75 41
64 56
97 74
78 8
86 90
9 68
66 37
66 16
47 9
49 63
11 36
45 24
88 39
37 75
40 11
23 49
61 80
19 9
72 10
50 38
70 60
40 16
33 87
98 50
86 92
97 58
10 24
27 29
63 54
83 21
32 46
8 81
8 4
67 14
10 71
62 19
25 64
5 58
2 39
21 77
48 87
77 73
83 48
60 46
64 86
13 56
78 20
85 60
29 15
79 65
25 61
86 27
19 51
21 18
19 60
92 74
25 49
14 46
96 25
8 12
79 81
69 85
15 17
52 14
1 98
11 79
15 82
22 27
10 29
67 19
42 40
72 79
42 45
4 73
62 42
40 60
1 71
61 32
31 80
38 76
26 36
79 88
53 48
83 16
63 68
68 12
1 16
67 45
9 37
16 37
12 20
70 25
48 79
34 9
86 99
54 1
26 62
41 3
92 85
59 45
8 60
56 58
67 39
24 21
38 65
19 7
15 53
7 50
65 54
10 4
54 14
28 72
41 14
2 11
59 91
35 24
2 69
43 26
99 54
55 91
10 43
57 20
27 2
57 61
4 56
59 7
50 19
8 29
99 52
46 86
93 32
63 1
6 64
84 86
78 25
57 96
91 95
17 26
54 26
11 10
12 46
81 90
68 42
37 96
94 16
52 26
56 79
58 24
26 74
53 31
87 92
39 78
44 97
27 84
44 82
1 55
67 1
59 67
39 22
91 35
12 7
44 49
23 22
94 90
66 64
20 83
13 43
98 74
97 75
94 100
37 8
7 100
63 47
65 23
39 13
23 96
20 56
20 27
42 8
45 76
68 47
25 98
32 70
42 56
44 22
53 84
36 42
12 9
77 93
76 27
75 2
67 62
11 15
82 43
16 35
5 80
2 29
90 68
28 71
1 11
78 35
71 35
24 74
3 45
84 12
61 24
66 59
49 36
66 39
97 90
5 47
86 52
53 93
6 99
87 19
1 40
91 96
62 91
79 50
37 23
52 98
74 36
46 34
42 55
52 5
21 45
35 52
12 42
61 99
31 82
39 38
95 97
100 84
76 55
4 74
54 86
45 50
49 73
80 14
37 1
79 41
79 42
12 43
24 63
34 29
53 81
11 7
72 99
59 51
93 85
13 14
32 67
91 26
63 58
62 37
49 60
60 90
25 8
55 71
97 2
45 92
90 2
44 43
7 22
43 73
66 72
65 15
97 71
93 83
12 16
10 100
57 93
50 27
58 26
73 30
96 44
59 33
93 51
6 24
68 77
43 74
76 35
39 52
1 36
47 99
17 11
6 28
71 34
77 39
20 39
31 91
53 62
29 3
94 87
37 2
31 18
73 36
38 59
26 50
20 42
8 30
74 67
64 22
88 95
77 60
76 2
44 55
69 30
8 94
90 40
56 90
3 59
32 34
62 52
34 11
5 70
93 40
35 26
4 38
63 81
14 73
1 3
82 2
23 77
87 59
61 1
35 53
46 84
30 46
45 5
63 44
53 37
26 61
17 35
91 65
33 13
87 6
33 31
74 66
31 50
69 45
87 83
44 34
60 57
7 41
2 66
60 33
45 13
84 94
69 1
65 69
93 65
91 97
80 17
59 77
31 78
32 53
52 78
23 4
75 42
68 58
28 86
83 44
51 30
66 20
89 56
52 81
44 5
70 17
67 47
39 80
61 88
15 71
50 52
46 42
86 77
66 3
20 10
85 72
52 34
37 56
7 17
32 43
83 46
11 82
46 82
36 29
10 75
32 77
61 98
31 86
23 20
37 14
62 43
10 73
80 38
6 31
71 40
11 24
29 97
60 6
89 54
77 72
70 7
49 75
4 94
95 28
35 54
53 87
74 61
21 52
18 25
85 88
28 100
5 75
30 10
28 7
84 98
48 44
60 4
7 57
43 93
58 1
38 72
71 81
58 18
16 57
99 49
62 59
53 26
61 43
37 25
74 22
36 95
69 16
28 33
60 21
36 3
28 11
29 66
24 66
22 93
38 81
57 4
22 48
65 27
28 37
51 76
96 2
4 21
19 5
81 97
13 53
67 37
28 60
18 65
94 38
74 37
70 6
57 74
42 35
2 99
11 51
37 91
2 17
1 86
97 42
82 69
71 11
65 17
62 64
53 28
100 60
70 87
30 20
82 45
88 19
95 15
35 93
97 1
49 39
59 14
39 58
46 2
11 96
34 88
23 88
45 11
61 44
78 16
88 100
95 96
91 83
7 24
64 9
67 97
70 88
9 16
77 17
83 11
90 88
99 78
54 78
83 72
92 24
74 60
14 70
31 95
80 23
100 33
33 45
4 39
30 15
13 11
87 45
64 63
92 71
13 84
99 32
71 90
45 62
71 29
47 24
94 25
89 52
15 75
58 31
44 6
69 100
38 78
10 14
6 11
22 57
77 56
17 57
36 79
33 92
77 36
98 38
97 20
28 91
39 57
18 23
23 91
39 11
88 40
7 45
45 52
30 91
92 67
74 71
44 14
34 28
45 44
49 54
67 70
48 28
13 6
49 66
28 85
41 66
16 29
51 78
33 10
45 61
80 71
21 70
6 16
59 60
80 9
34 99
97 73
59 6
57 89
54 68
72 95
33 51
28 38
14 100
19 58
52 75
84 31
70 18
13 97
1 35
77 94
100 78
17 20
97 84
88 38
16 22
46 59
93 38
28 10
40 58
23 95
80 78
50 63
72 73
85 42
81 80
32 57
75 36
56 41
10 79
47 86
43 51
35 65
29 20
85 67
80 95
84 70
41 67
68 38
59 85
69 64
86 24
10 86
55 93
19 33
9 65
59 92
79 97
49 91
16 80
43 79
6 1
100 9
29 56
76 47
20 63
45 90
19 70
67 33
48 60
17 82
21 39
78 6
40 92
5 91
89 49
44 7
81 94
52 1
24 87
16 85
43 57
88 59
69 95
23 2
85 22
100 5
90 48
89 94
61 75
64 92
72 35
13 12
49 84
48 21
88 83
64 58
14 21
30 97
11 35
25 51
16 65
40 98
31 71
80 41
50 44
23 69
90 33
62 97
66 48
41 89
26 33
33 16
12 86
48 12
15 8
81 65
85 68
98 87
83 29
16 89
62 14
79 53
33 80
78 71
20 100
99 55
84 28
83 82
71 68
54 24
55 21
33 43
89 55
36 23
95 34
42 47
59 84
50 40
8 34
68 17
16 73
61 20
7 63
1 79
4 54
1 8
19 27
100 58
97 7
86 81
58 48
90 64
4 34
61 53
63 76
54 74
32 88
33 36
90 20
23 39
87 95
35 21
44 89
77 19
1 17
31 19
87 38
52 63
76 98
6 4
42 14
48 38
5 9
21 29
3 55
68 61
15 50
32 86
73 69
29 23
84 95
71 54
49 32
50 46
55 33
99 48
7 14
80 48
2 65
16 14
9 43
3 97
75 55
85 76
49 16
72 82
59 80
80 6
49 57
38 84
59 35
72 7
71 94
31 36
12 27
76 44
98 91
89 4
24 17
12 59
5 53
10 40
10 65
45 65
6 57
95 19
12 6
10 98
64 95
10 52
31 87
51 14
79 100
73 15
49 56
20 15
63 74
18 61
79 87
83 17
55 9
88 54
80 91
20 35
71 64
51 17
95 77
25 90
31 1
36 66
13 42
22 43
95 47
77 50
76 26
49 81
9 95
42 61
49 71
13 44
51 53
60 84
79 49
58 11
70 15
16 56
34 19
37 59
29 73
67 20
35 92
37 46
90 55
43 100
50 17
13 8
6 68
76 60
8 52
32 48
75 38
51 60
61 84
58 47
86 58
86 4
24 56
98 21
3 23
28 36
5 16
25 9
88 89
92 62
24 94
90 7
89 85
21 54
66 23
71 13
40 41
31 57
47 15
76 80
51 29
67 65
36 93
60 69
86 20
85 6
66 56
29 12
36 2
74 81
17 22
90 23
28 2
30 44
12 61
7 36
99 92
80 13
67 21
59 17
69 83
27 31
40 81
46 66
100 86
35 66
42 51
39 53
39 76
96 39
28 57
23 63
5 46
68 20
96 18
21 11
33 23
78 88
63 3
70 41
86 51
10 34
74 23
72 96
45 75
28 49
3 94
60 68
10 80
95 8
77 29
56 82
82 73
13 98
58 53
63 27
92 61
35 100
4 3
60 83
56 97
68 16
10 50
20 16
64 10
31 70
86 63
23 79
84 89
78 17
68 40
11 59
17 91
84 4
89 47
88 14
63 29
51 62
51 94
87 11
26 48
85 25
29 6
53 89
60 55
5 97
53 96
62 18
93 67
90 43
14 98
52 48
56 35
97 4
74 39
78 47
44 58
53 47
24 18
45 9
84 87
29 95
19 39
45 30
21 20
23 13
80 28
2 72
73 65
35 41
6 58
61 7
83 28
8 17
14 63
23 89
81 34
48 56
77 62
46 1
8 88
98 30
6 93
75 93
71 41
20 91
99 82
91 16
66 97
30 71
10 96
32 16
18 16
11 92
32 40
36 54
97 76
59 61
94 93
98 90
52 61
50 100
38 53
56 7
28 46
93 39
53 56
7 82
7 13
1 90
11 3
86 37
9 86
32 9
86 96
60 25
88 17
3 48
96 69
85 30
51 54
78 89
28 56
77 83
92 89
40 31
74 48
1 96
13 72
71 73
17 100
37 3
22 38
57 63
1 42
56 23
28 77
10 5
55 15
42 9
94 47
33 96
98 73
2 34
41 36
87 74
21 12
100 97
25 23
47 80
74 35
44 21
35 9
41 90
1 94
49 67
62 71
95 73
86 70
86 13
42 69
74 45
85 19
13 36
59 39
26 64
100 11
89 9
94 97
26 73
36 70
70 96
81 15
64 28
31 35
74 46
51 45
84 37
100 73
14 68
86 35
57 24
55 78
28 97
1 75
61 89
25 63
18 15
11 94
10 82
47 36
40 53
19 53
20 72
93 59
34 62
98 99
72 14
31 41
16 21
89 75
35 89
86 55
75 16
26 24
48 39
15 48
22 5
93 98
84 17
43 8
38 11
94 31
42 67
97 80
65 5
57 78
75 84
91 2
13 77
8 98
58 42
95 42
3 15
96 15
83 39
5 85
76 17
97 69
81 32
10 21
12 45
46 79
49 30
35 8
2 61
33 41
81 18
21 97
11 68
12 70
36 81
49 100
83 49
25 11
84 73
87 32
19 16
99 42
36 9
22 83
1 60
2 79
62 75
53 71
85 29
93 47
24 82
20 5
100 90
63 95
78 56
27 66
67 5
7 99
30 1
91 25
26 80
75 48
66 92
46 41
19 18
51 74
12 85
54 16
62 86
27 96
21 59
28 26
7 65
10 16
46 17
48 88
91 29
39 50
9 29
89 38
62 28
24 93
7 35
79 78
6 14
8 90
29 60
67 71
20 54
72 100
23 55
39 26
26 40
26 92
93 52
6 35
35 99
95 17
32 6
17 55
74 18
18 88
9 98
62 73
73 35
79 5
68 95
91 40
87 23
76 18
81 64
23 71
59 4
79 4
39 6
52 58
71 61
76 68
63 55
17 79
79 52
35 12
23 17
8 89
48 24
75 77
17 53
97 11
31 43
69 27
41 63
81 13
95 92
16 15
66 87
83 34
18 87
51 20
5 28
38 82
75 25
72 64
28 17
17 10
100 21
2 84
69 40
1 53
64 100
98 69
40 3
94 56
87 75
56 1
38 25
29 44
97 40
48 72
100 70
62 98
99 56
64 53
65 11
40 20
84 51
48 17
99 57
73 34
33 40
40 22
97 55
24 38
6 22
3 21
57 38
78 70
85 71
89 91
22 49
3 80
18 84
3 34
8 76
63 19
29 53
94 79
31 26
84 54
6 81
78 74
44 100
57 45
42 39
42 2
57 13
73 41
64 36
59 57
72 31
80 55
97 45
4 83
1 87
36 35
93 45
83 67
10 74
62 47
30 59
94 98
42 38
11 31
60 54
73 83
22 12
60 22
57 12
85 31
6 86
8 16
51 63
94 36
30 74
47 56
21 86
15 35
14 11
55 32
77 26
19 24
80 2
13 18
88 57
94 72
28 39
100 32
69 36
38 49
24 2
50 83
76 75
60 11
10 89
52 73
84 62
34 23
79 91
85 52
99 10
9 51
15 74
98 54
19 22
59 83
41 94
48 78
89 19
14 58
25 87
99 9
11 86
96 85
12 56
53 95
14 69
83 62
39 36
74 91
61 10
78 34
14 75
19 74
23 70
30 38
89 72
65 74
90 99
97 24
28 29
70 2
6 7
77 37
23 60
74 86
75 83
92 60
21 74
72 42
2 18
95 41
50 93
71 19
43 3
4 35
18 32
30 94
25 82
65 19
39 87
25 40
61 50
85 20
97 23
38 21
44 36
62 96
47 83
72 74
87 96
49 92
99 94
16 64
16 47
7 47
43 86
6 95
90 39
45 48
68 55
50 16
26 55
35 27
29 43
7 79
85 65
58 91
77 61
86 14
49 18
22 66
99 36
6 96
13 31
99 50
21 79
99 1
42 71
47 2
66 89
8 27
72 70
71 20
37 20
39 25
55 87
54 41
19 99
81 42
23 67
3 17
56 60
10 51
47 79
59 32
15 68
24 23
26 19
1 59
56 26
65 48
84 93
77 100
91 84
29 35
67 88
12 28
21 8
56 83
63 99
38 67
66 77
44 90
37 81
5 51
86 80
4 80
51 82
64 8
75 23
23 58
95 32
16 77
64 4
39 94
4 13
8 11
17 41
3 93
39 75
71 89
64 61
41 38
62 27
86 68
62 81
44 38
5 99
26 44
92 77
67 99
5 69
89 90
85 80
10 93
24 62
2 15
62 60
55 8
65 8
21 73
76 96
7 20
44 72
69 90
4 72
59 63
16 23
61 35
34 17
87 67
89 37
82 85
38 1
98 95
40 84
28 88
54 80
21 69
85 36
84 69
45 38
47 38
67 57
98 96
84 25
1 34
13 59
28 92
81 91
12 55
21 28
74 42
38 74
52 2
44 71
98 64
58 76
1 68
52 57
25 10
78 32
78 44
1 57
70 69
98 46
61 4
5 76
14 31
12 96
21 71
99 14
63 82
44 79
31 24
51 15
26 100
51 31
69 88
11 5
97 9
5 43
50 5
63 21
44 69
92 32
74 94
100 13
80 36
47 60
69 54
57 40
42 80
25 65
34 58
3 72
26 1
89 96
69 12
29 59
20 53
95 89
94 40
60 63
77 99
85 40
91 53
39 71
50 84
47 51
92 37
47 88
60 96
13 85
97 72
91 75
33 47
26 68
27 45
37 42
46 93
76 78
47 73
76 31
71 48
47 19
20 70
68 67
79 45
87 26
50 92
76 9
60 35
31 88
68 7
26 15
50 36
96 41
60 97
23 57
1 85
4 77
18 99
95 100
65 24
62 58
30 5
39 33
40 27
86 41
52 15
33 11
99 95
78 73
84 55
10 60
51 40
5 61
71 60
34 61
49 20
100 47
6 18
92 10
2 19
89 14
86 8
12 78
51 69
44 73
52 60
64 50
43 53
35 69
88 53
45 78
53 86
57 87
19 4
58 81
63 72
85 50
15 60
96 8
15 39
94 45
85 57
32 33
56 52
34 25
76 52
98 26
22 63
94 50
74 70
95 79
100 38
20 74
69 80
12 72
26 11
53 33
98 15
44 57
94 59
100 71
14 27
10 85
2 49
71 45
85 15
10 58
85 77
99 84
27 16
88 24
33 4
9 63
29 69
45 63
78 4
25 42
9 75
4 90
91 86
15 58
16 87
72 52
66 47
22 18
43 81
43 83
44 16
80 46
65 94
89 20
62 36
89 99
56 98
77 10
60 7
60 44
28 90
1 5
37 36
95 50
3 26
66 69
93 42
67 50
43 84
81 85
33 54
31 47
23 99
89 63
74 25
27 52
28 93
93 87
65 33
79 68
37 24
64 35
91 42
11 9
41 88
26 65
11 80
5 23
22 89
33 58
44 94
94 19
63 4
86 69
3 20
24 51
62 65
23 54
36 52
85 39
95 93
32 7
49 62
22 8
1 32
43 30
35 55
32 38
51 44
60 78
67 63
91 1
79 69
76 82
75 71
56 2
90 19
90 46
12 80
29 92
61 93
46 51
56 76
53 94
13 92
19 45
71 52
44 81
39 51
4 55
54 67
95 26
9 56
80 77
5 92
82 62
65 31
63 91
61 49
26 14
37 43
59 26
32 12
80 30
76 79
95 5
76 22
27 64
51 4
33 24
66 90
72 33
65 92
56 100
2 60
13 75
43 34
71 96
99 43
85 49
51 57
45 10
42 52
79 12
25 5
46 4
86 78
45 37
89 30
20 64
36 92
17 72
69 92
47 84
27 42
53 42
54 47
17 49
64 37
15 62
31 16
7 78
48 4
7 53
9 59
48 98
15 54
14 79
62 41
84 63
30 93
55 92
5 24
77 48
36 87
78 92
68 52
98 11
60 79
68 91
100 62
48 62
67 7
77 57
76 3
17 39
65 55
7 96
21 46
35 45
14 93
66 76
52 100
36 96
28 43
18 66
76 37
9 39
26 2
20 65
29 50
37 100
56 25
90 96
98 83
31 9
18 98
87 49
17 29
24 89
98 19
62 12
87 28
76 32
21 93
69 61
49 3
48 97
12 2
57 79
88 1
87 22
88 52
12 4
85 23
49 27
59 76
72 27
23 61
61 48
27 28
26 5
95 39
38 91
30 65
26 93
33 8
22 78
66 63
17 52
53 30
56 39
87 80
85 37
32 5
9 26
20 81
4 52
1 74
23 51
45 95
90 12
98 28
76 99
18 26
13 73
11 53
87 85
98 72
42 30
59 25
80 21
7 52
36 18
39 92
14 38
48 7
95 56
8 72
68 57
1 19
29 38
18 3
14 12
63 78
81 83
65 68
67 82
100 66
99 46
18 90
74 13
14 71
50 34
66 30
75 33
49 35
12 66
71 32
49 21
75 31
10 48
65 82
80 74
53 23
99 96
89 17
27 32
93 29
32 50
92 46
33 15
73 12
75 19
10 97
63 100
33 91
46 96
4 70
92 18
82 12
19 52
41 6
27 1
43 41
97 41
17 33
45 18
3 60
98 55
31 39
69 38
39 40
48 29
13 35
68 100
25 12
87 52
70 66
23 76
64 24
30 39
72 47
22 75
78 19
57 83
9 15
93 76
99 21
67 10
56 10
11 18
97 65
53 68
53 36
67 9
25 27
69 75
58 60
87 91
45 54
78 29
79 39
51 27
41 65
60 61
14 50
40 30
75 80
51 70
84 74
46 87
14 17
31 90
57 72
22 99
71 36
2 41
56 72
52 32
78 2
58 59
67 18
49 4
61 54
61 6
87 61
19 30
25 97
77 41
84 92
81 11
24 79
98 97
55 39
1 4
16 88
41 10
93 79
28 96
86 67
14 32
6 15
99 31
61 38
33 84
84 29
81 84
56 84
22 62
8 54
96 43
8 93
53 9
11 72
85 75
40 8
3 95
22 51
66 15
4 28
28 40
27 98
29 76
85 62
31 61
98 75
28 94
91 39
41 72
58 38
65 100
63 77
42 48
26 96
93 7
19 64
46 49
38 60
56 62
40 80
96 14
51 80
81 45
95 30
40 55
62 10
66 53
85 98
5 57
80 94
48 69
92 63
15 41
32 4
57 10
89 98
24 52
57 71
31 3
5 83
46 31
32 23
99 13
74 9
72 71
69 53
2 13
86 16
56 68
72 25
81 17
92 82
32 51
21 78
95 86
67 35
32 2
91 45
41 19
41 82
48 50
95 67
15 86
81 75
22 100
62 46
69 8
21 17
66 60
10 26
25 67
88 42
69 7
73 2
7 31
30 11
22 94
24 70
23 7
2 40
38 64
57 73
75 28
59 70
9 84
96 30
1 21
46 54
3 50
47 52
16 99
54 62
50 37
89 74
91 12
60 45
84 78
30 100
94 69
99 17
14 87
89 18
83 24
55 69
66 82
39 97
49 52
24 4
10 47
88 50
26 30
44 28
55 72
61 33
99 28
39 34
35 97
37 90
70 68
91 66
6 94
5 78
78 49
76 77
54 85
71 99
69 39
22 29
17 73
11 52
68 36
96 73
82 8
15 64
62 20
64 68
41 48
64 33
80 79
3 42
100 36
8 48
58 2
23 30
58 50
97 93
23 43
63 30
99 97
31 37
73 89
36 84
83 12
67 16
63 48
48 6
9 30
67 80
95 71
54 38
47 81
27 92
10 42
29 82
68 27
7 46
55 6
86 83
37 94
50 62
23 12
79 13
9 40
58 90
35 23
49 13
92 52
24 50
68 50
3 83
79 20
93 70
87 100
58 27
73 81
31 92
28 67
64 85
100 41
46 56
3 99
23 62
88 58
3 70
41 81
62 29
43 17
50 12
56 22
42 82
84 77
12 1
51 72
42 89
12 18
77 15
93 16
25 73
11 43
18 17
84 44
59 22
99 8
23 8
41 83
24 43
68 48
5 63
62 38
34 49
82 74
67 90
93 11
77 2
10 76
51 71
93 49
87 82
15 46
55 43
5 6
88 76
8 31
88 21
17 44
95 62
27 34
63 94
63 18
61 11
56 93
64 80
68 41
69 57
50 74
41 16
26 32
61 56
16 55
98 66
95 78
78 83
36 78
63 46
29 57
6 98
54 82
76 89
29 86
37 60
85 34
97 47
26 75
61 91
57 66
85 7
75 88
78 58
59 54
97 17
59 96
18 64
72 9
24 96
52 80
11 4
10 32
52 41
45 1
70 80
82 90
54 81
32 94
87 27
65 59
88 46
79 16
55 95
75 34
37 35
4 96
73 48
24 77
54 3
46 58
91 72
4 37
16 39
50 75
64 54
60 86
19 40
36 57
8 92
30 31
4 66
59 42
14 55
11 29
66 38
2 100
39 29
14 5
99 80
69 6
65 99
45 89
27 6
65 6
70 89
100 48
92 2
77 65
11 50
48 91
26 57
6 75
68 44
61 36
56 5
80 22
28 54
53 52
22 32
22 10
87 44
100 80
70 52
5 55
23 46
20 2
68 29
35 84
39 64
72 67
61 3
44 19
11 69
82 23
46 55
46 94
71 84
84 90
22 71
26 13
46 45
90 35
14 92
33 7
69 24
36 12
80 37
73 66
73 50
93 13
33 86
9 18
61 66
96 84
21 40
86 26
24 84
69 81
75 94
48 49
75 63
27 81
80 7
47 1
54 29
51 12
49 11
69 41
87 15
71 43
91 77
68 21
20 36
28 50
89 6
92 21
66 33
86 87
88 63
69 62
41 21
59 89
97 27
99 24
5 60
32 84
76 40
23 73
10 3
56 71
25 86
70 56
14 57
84 67
62 78
27 18
95 51
55 79
82 1
9 85
32 82
3 22
73 58
34 86
5 37
7 5
79 30
33 9
9 62
62 90
65 46
91 10
75 35
99 87
90 36
73 32
14 49
91 18
98 42
94 10
44 66
14 94
96 74
22 88
68 69
95 46
21 19
4 16
54 72
67 22
65 14
93 34
17 38
85 79
82 58
21 66
71 4
52 18
2 25
11 63
99 38
61 85
24 13
29 5
80 63
53 34
1 78
5 36
15 43
64 57
96 66
54 87
21 58
27 60
80 45
7 94
49 6
8 57
43 65
25 55
70 82
70 75
50 57
56 14
96 81
83 42
30 68
52 82
10 90
82 48
18 51
80 25
25 76
96 54
98 58
76 4
48 46
31 68
69 46
23 27
89 29
26 72
48 18
50 56
69 43
94 92
68 59
20 80
28 42
86 7
39 24
90 16
89 31
41 27
36 43
34 94
54 39
74 28
58 72
24 72
12 38
73 92
10 7
59 100
77 35
99 64
44 88
65 60
14 20
96 78
26 82
73 91
3 87
88 26
25 48
10 36
3 9
4 45
82 33
21 36
70 13
54 37
49 68
80 72
52 67
2 45
23 14
34 7
87 60
52 6
48 27
95 2
47 69
87 89
86 18
71 83
65 52
74 7
32 97
32 83
28 1
21 26
85 33
40 64
21 50
6 76
1 66
13 68
77 58
43 21
71 47
22 96
30 48
2 21
19 93
8 39
55 30
37 51
35 68
44 42
24 44
56 91
21 62
81 66
98 36
73 5
43 1
61 100
5 42
65 51
65 75
34 5
11 23
13 48
32 17
84 34
21 9
62 66
51 28
66 26
47 46
87 90
98 39
8 32
47 25
69 34
47 26
25 20
100 92
41 98
32 75
50 22
90 83
58 75
39 60
6 46
45 88
69 63
80 49
76 83
68 23
10 69
50 13
56 30
59 18
54 97
14 81
48 57
92 22
51 96
43 35
92 17
21 42
15 32
19 8
34 15
18 69
4 7
59 98
15 44
48 16
55 53
13 82
43 78
82 55
83 74
93 48
46 27
13 61
50 47
23 98
75 3
57 47
25 92
69 17
83 1
55 81
18 73
68 72
99 88
18 97
55 67
91 85
68 19
65 32
31 55
12 65
60 80
53 41
94 33
83 10
72 32
88 35
53 25
88 72
11 41
55 77
40 13
90 52
5 31
37 26
98 22
56 11
9 70
24 81
98 78
95 59
20 32
66 43
90 32
14 76
63 79
